44 22 31 54 34 01 
49 39 18 31 57 23 
12 33 04 38 36 19 
41 39 09 49 23 58 
27 60 30 14 46 52 
27 39 37 58 60 33 
26 31 30 18 16 34 
42 54 57 03 49 10 
04 06 41 40 19 20 
28 39 08 59 42 03 
53 14 44 07 23 43 
01 24 10 17 42 51 
59 49 43 05 27 18 
25 60 34 53 45 38 
05 09 41 14 03 46 
52 29 17 41 12 25 
46 16 33 45 34 06 
13 32 12 41 24 29 
59 05 51 42 50 08 
53 46 28 48 37 12 
34 17 09 46 10 32 
38 15 47 25 10 53 
49 18 20 32 15 48 
23 27 21 19 52 11 
34 31 29 04 10 35 
12 09 56 29 14 42 
13 47 60 18 52 09 
37 40 06 58 41 18 
53 34 59 33 48 06 
02 53 13 49 10 41 
33 13 14 03 43 29 
17 41 48 15 20 31 
42 22 51 23 57 15 
36 53 55 37 60 09 
54 08 45 29 35 15 
20 31 40 30 27 53 
48 05 30 18 08 02 
28 13 06 14 45 35 
43 13 28 56 37 25 
06 23 16 11 42 36 
02 14 21 60 22 51 
25 10 24 47 48 36 
53 36 10 09 50 55 
45 59 42 55 32 26 
21 09 15 36 12 31 
06 07 41 39 29 55 
01 28 56 37 06 58 
22 23 41 46 53 60
16 26 35 39 44 45
05 07 11 34 35 50